# This file contains a list of pre-calculated primes greater than 2^15 - 1 that
# are factors used in solving the Ponder This September 2023 bonus challenge.
# The list is provided as an optional quick way to demonstrate the solution 
# rather than re-doing the lengthy factorization process and can be passed as 
# an argument like $ ./sept2023 -b -p big_primes_531.txt
23559374015373766930490657717
11779687007686883465245328849
5889843503843441650868613779
3926562335895627821748442949
2944921751921720077875797309
1472460875960860038937898651
736230437980430019468949223
368115218990215009734444071
184057609495107504867221591
136973104740545119901201687
92028804747553752433562153
52587888427173572819206169
46014402373776310410757061
33947224806014073352407523
32630711932650646685001137
30676268249184206940504737
23007201186886619338809053
15338134124592103470248413
11503600593443309669397971
11240159358479847625480141
5751800296721621498885021
4280409523142034996909869
3834533531147769887016779
3432309734174498925263167
3173407060260435200742139
3054898082906348628501611
2875900148360810744623859
1917266765573873829749243
1437950074180405370932619
884892353341787922905693
718975037090202189872129
605452662812805771630011
479316691393468126581419
459856613354422248262891
359487518544983097002801
328674302669808847697059
319544460928978971614143
288491550932766836431079
239658345696655398002821
179743759272491548499987
119829172848327698999993
89871879636245765059601
79886115232244664733721
76008769036165651327951
50537509471473158056849
47900289148494367303879
45831078061527130156963
44935939818122881312199
43938316900240512023663
43574244672133466055799
39261435472502763376783
37840791425800115256419
35846413232750382940687
29957293212081921606233
29957293212081921421843
29874632282926067986873
23030231418304924263059
22467969909061334782361
21521601205254266689039
19431757759194648178481
17974375927249152913477
12838839948035109259817
12838839948035109223829
11772905813937907230589
11233984954530667308641
9985764404027307202081
9022431837994752675271
6616760850926191560599
6336762703818262123633
5616992477265333303371
4135010996924242630399
3072542893546864076947
2808496238632666651673
2801679579633884349703
2723390292007447418749
2385076839314011697843
2334334536006383746753
2304407170160147822041
2226359704556475645629
2146194140567063265697
2021833465097023176439
1762193718357760099199
1525701764743343762867
1404248119301212598513
1059757137126490543781
1011188871037449002407
993745731983694105683
915891766993587508291
863398706691615652849
849350309616305008769
848198222688543008141
702124059650557338227
670685668927207183763
527494524644315467781
435639312414421194581
430008993474860108251
351062029825265761481
327662206773110209789
265367842214821568759
250426693518008425591
239020956479375900173
234041353216851781639
219245661122630689759
197141496323060593027
175531014912632880647
163999780358111932687
155757157081881741017
142852183010173253047
117020676608421920431
87765507456313447751
75154507594851115357
64378137275247377597
61471873896200918803
61220626455207996671
43882753728058938863
40101234708583969133
36297205022716211279
30527133028285101661
30019521177866731501
29255169152039473193
29255169152039293093
25075859273233268663
24211174470708805033
22289652687319280579
21941376864029469251
21043582423753620383
20388357449238959359
19597008206769682211
19302379646959908259
17498141950515580129
15602756881123452133
12977888756136572537
11057071805520605681
10970688432014734613
10904845514563777687
8642357884050943769
8309160469237367063
7992527566869705089
7715649007148698061
6428072044204164857
5758572377837954953
5485344216005228327
5474599429222375717
5136710084376162143
4634640572014826557
4420408592061445091
4000706892595768309
3523210358971314821
2994132450535426511
2742672108001999421
2713725302185343773
2495082088521465463
2259413076933547433
2193905653526006603
2140622133076059013
2089654939431378041
2008812362560478639
1950894992863563181
1804946168767433221
1628497284437381359
1555947006607271827
1378216945809214757
1371336054000999707
1367135875529924659
1290669227295851131
1223044827416494519
1170206766081571703
1117906778404161589
1080356826285592529
1043702058574137637
885927662037300439
868965420357608113
783620602286291177
783620602286285549
769681665192872563
750132542359981861
730962827460311827
699076522940970917
685668134158693841
685668027000499409
667666223171669633
657382864378031303
600519051138575293
596936019533688929
591754279261432333
555938766584960827
538958160769504699
532350120164231731
529573966956061301
528212242232267317
512048313037042577
496414874383483091
465429214491471463
461501502717732251
459244217357778943
453861706302879991
417646324050198653
411027018441383287
357646355108882531
342834067079043821
342834013500248939
306215243128765709
250446931653817357
244089713071634743
243117749185922099
210468842820426569
194195365724625107
171417006542837291
152761983061784059
141886240204214917
139670590740114451
139302872292602989
134203080771152959
132694134584570387
128987211091168723
127282316152981681
121244009609834561
117403983226030181
114659409397416407
114278004367985189
114278004367980911
110675293135079291
110358585311944511
106770649383751291
105922100762778283
103497060679320733
103020723659017091
97517230506797641
93164390723277767
91422403600066589
85708503271418561
84440776641629633
77728988782862933
76951954314635321
72830668497542401
68266802105060957
60786498471190187
55162823990413619
44928389057208821
42854251635585869
40073473472179223
38166646198404553
36814390711436497
35737477249631863
34563526919850743
31971338327110907
31665722259078697
28207963984602397
27570748935321323
26639131830931681
26371847161842737
25055506044186901
23692147876653863
23643725068982737
21427125804621101
21065174355262879
18610049267116511
18282282752865841
17634218898155179
16231682120970809
16175364794861551
15811056192538237
15290158093400327
14905826656693171
13577584693079203
13444471117656851
11206616820328673
11075803761891229
11028387288346349
10713562902285359
10117954216466969
9934677843114551
9778908437485717
9420150318456239
8999148947240267
8870902939778519
8790615720613921
8747444989313423
8236928938545481
8229680443461779
7814141538407527
7694664399633121
7681650213727691
7606845902698039
7431125943417721
7294340712770143
7292090656579499
7142375268190423
6688734352512911
6487409414844283
6126950850383359
6078032516776651
5954519520065401
5826564990950969
5356781451116111
5306324667458603
5075754611473747
5041676663010103
4841470588761889
4755391604685937
4649464008057613
4639907383525639
4467069312375239
4195457630323507
4081357298638979
3939386506930289
3759660189174221
3657504937581571
3615366504298583
3490653758744717
3473688325573229
3020154518864039
2678390725031507
2544987848749133
2520838331505049
2403281867666353
2307680026726471
2268887555779127
2142712580457067
2076858382223687
2074902808899407
1996111797607909
1902854753448149
1847889408487597
1833336968470283
1831795062107963
1593091894547761
1529835104011573
1450899173747299
1442909434694303
1415734543106953
1387232763367853
1383028713958393
1346399396050217
1339195362515279
1293513243511547
1232554751724467
1194237999880831
1047964860245129
1016737528040131
1002825210242623
985155210016273
939040127709557
893481991184509
869974263803629
859079625363737
851587966894537
839259261738221
811125564557029
786316543774481
701092051299961
689332123435951
669597681257639
602520233893987
592860959048191
585328245369433
568265965851449
560818018765139
548221944468623
537959901044539
532092755456789
475205401799473
465807082708057
465807082705777
463634289965179
446398454171759
443744857663843
438086081690297
428252238453071
413293980875221
398813800864939
394970061158597
394913728886099
383457158355109
382845090468383
380598140533453
365598536098109
360409798565779
352450862448757
339631339841887
335254093367813
334798840436681
325345105069211
307803863674751
284711416027573
257189807279777
255655490756119
252623216663333
234104774489297
224274712782823
222433882576187
221793544058059
221120821381223
214547823992069
210069860828083
207857531066149
206784593456027
205528278167231
200920999817003
196517953207027
193472919348061
193403745821107
191347368141637
189201993976139
171842438451581
167982515306939
167399420217599
165499811316377
163114014902899
157686270692651
157606836913133
155454067955603
152715124990919
149991638620907
149903702242517
146896823066243
144055478639707
139080735699877
135394023583729
133091258945297
122092985775697
117035147819323
113270049813731
111599613478399
105509708130643
101942912132099
98091040435691
96945683932093
91929655309517
86661782883133
86399700807467
83699710108799
83597662302839
81325487952461
80469203808353
78462490421501
77634513769091
74663509557281
73618806464059
73480414326019
72511424042711
70810863981997
70519447141859
67220567796383
66190409880131
63600739350157
58752240863759
58301943317693
58089931572587
57476969634979
57432632985677
56997383830957
54743407910141
52484373550669
52191726900713
47461542148879
46797666977407
46784117476997
46219780038833
46187856557701
45203136754333
44270921074901
43551068708261
43550949401257
41849855049803
41525437597421
41385691393363
37991357801909
37443644941541
37199871159631
36459037442161
34508612169299
34425515079203
33741722259629
32931767269483
32016624307589
30935557711363
30436258221487
29947977864503
29573888800073
29470356785627
29110470671983
28086437402921
26455430613431
26177594560939
26052855841471
26026915101329
25617317415527
24362423052749
23696019704503
22970714688653
21677283268807
21229426780957
20924927524901
20463394152809
20244727026149
20170392287543
19375467314219
19063672478509
18523558087571
17620991601929
17483586447629
15129805223513
14979947954359
14944976013263
14677017535541
14249803580273
13736988143033
13653727883479
13535841509233
12660065215433
12528099787381
11957101442801
11953480799101
11600130646927
11358919069681
10566060896557
10478039177849
10462463759291
10447932872939
9970162655897
9733035622279
9723575691619
9693927606289
9493628136287
9242646369013
9232876885559
8967226830517
8696073782563
8685223879469
8453159129827
8406033194681
8395800492727
8126580348101
8049258378877
7822260041177
7810427838749
7734192029989
7715827844513
7638901052221
7478167238527
7421871067463
7310926747661
7090523497331
6961840813129
6841355619493
6826172080477
6662436921557
6661773223561
6576898987093
6426047248261
6390779755127
6357306537737
6244440726457
6179916209123
6013804927937
5911463222293
5777744292527
5400321125267
5231231879639
5113322521771
5108236666249
4967970966901
4821289506587
4769935047739
4662536988559
4632580284853
4585714799537
4569280330723
4316503988773
4306164574567
4050485721497
3970825728341
3953509096967
3923849937589
3788303663939
3651334448497
3609843038849
3516007530949
3472831694999
3455805137909
3367723128017
3180834547973
3162362284709
3071733127109
3049236114007
2998897943257
2977607624197
2953021747553
2938442923789
2904577247797
2808549440351
2643004174919
2620148239633
2615615939819
2582583745853
2565469366549
2542977190181
2528605292959
2479782403387
2444375222143
2397499542583
2324991947209
2313931823321
2295562731391
2212863921511
2198655837011
2194952448737
2132125920937
2093701842301
2056582866001
1976535962701
1926203269553
1835457067369
1828890540797
1820846341999
1813877867509
1812910220593
1783708240199
1752836903731
1722677434097
1627679824339
1627350895171
1570039198037
1535790638111
1528408306979
1495116941047
1483540167367
1387965867157
1371819953843
1307807800751
1270105712921
1255145087527
1188503011169
1184348227687
1176649518757
1165230144401
1159011681601
1131610852447
1082060708717
1073224373363
1045361238631
1038495505897
1035755829107
1026695055317
1011396293741
967415822521
960826251163
942536244061
923345673631
918121767271
914692618859
913996366411
910236718687
907353101981
902791115719
894362099857
885345538093
871871924491
871871922863
871871919683
871871919239
859735818463
808749340171
789695028413
777672781021
773215135541
767888670217
763943618717
754122254911
720075803677
701360397433
683960859299
665694019723
653903490407
645249075319
642350865097
635935370501
620844854009
612334711907
605174453731
600601162951
576796611151
566188949257
543391642259
534079245703
528455498699
526413271067
518758905449
498654500549
492713525573
459323380177
450014628691
446330716267
441000153719
435935933579
435935933453
425993677471
424821631133
405346187551
384991140299
364275428827
360471798031
355264085243
347559860471
341250718051
339729166639
338834076827
333912258451
333394401157
329408522273
326951722571
317526893897
310700768561
306079276463
294877401059
290623993259
283640250893
276383402539
275904871757
272954100581
251417605093
246234142723
245852241227
243893522533
237330711517
235788574649
230888602969
229714436771
228314520019
227604811873
225584441689
215587021399
214961102453
207190995677
206848069739
204508044023
202320961943
196187521427
195092117879
193258024919
189098469713
187463377033
183551995777
183321297499
183241194217
181682586607
178845534347
176568502751
176151971393
174155939567
172804975969
172225510859
167723602183
163976161511
163740379571
163475861051
161766974801
159664379431
159222325853
158931885521
158061787969
155795495551
153859750453
151548182887
149403583543
145311886757
144098516897
136435246361
135172720169
128871785803
128404445003
128245674761
126632933599
126071974697
124712706737
124553123881
120091851023
116883435283
115815604241
115447692253
114323997217
112854009089
112838039513
110594494889
109200868631
107847035227
107601399319
105089230657
103447132799
103048058933
100913691521
100215408791
96856384133
95473158541
94952309029
92886342149
90433334777
90040434511
85257558037
83832408953
82042833347
81737930471
81690118453
81108257203
80599629779
80344799063
74731883983
74276990531
74244257123
72678159097
72655938349
67930346417
67738459067
66721117283
66490294961
66124832549
65390344429
65352106273
64940130043
64198132541
63625227937
62552956573
61258094119
60513151351
59074443613
58286706193
58048074809
56867320423
56442052747
56382789233
55833584557
55095287903
54886815257
54077826839
53070462509
52988624863
51726745751
51465543587
49863566777
48870912847
48583419013
47332252403
47192622707
46673649703
46030221869
45818579693
43992619841
43920741589
43501843793
43251065191
43124639471
42820928639
40868965157
40404423377
39705744829
39134164417
38780141789
37847905499
37083495563
37034629871
36759719081
35830355339
35213884301
35119600973
34750995841
34315654547
33389432639
32291552759
31654328113
31100941489
31099095653
30609544873
30337144597
30235836331
29696952869
29605209743
29478889183
29134358987
28578305489
27825267907
27377867911
26982146767
26965110917
26932964857
26928071827
26258767567
24981013417
24594125177
23864579993
23741442401
23097689873
22991274401
22307807999
21356752831
21324880207
21138058651
20764380407
20510822593
20434478033
20406612587
19789395049
19227754561
19110239657
18788051573
18778042667
18774503243
18586702609
18516802861
18511226939
18295546019
18182025839
17566904029
17430097177
17263778569
17025978457
16347586063
16009448101
15722016901
15686502421
15607799227
15604282459
15485949733
15295999639
15273534517
15210884233
14947328917
14454869347
14224885567
14075902783
13967595049
13926328159
13556786093
13545596683
13034752673
12923226053
12773519921
12634492961
12495294613
12105134033
12096344017
11820237089
11816310119
11703662909
11642277667
11473456663
11364141247
11344737017
11050112429
10702148857
10680594577
10581791377
10506977983
10479000937
10357030613
10217236811
10215574933
10138038611
10133594707
10130148247
10097570531
9987585079
9965669317
9723974521
9627778183
9589544761
9457803247
9392727283
9226304531
9221843467
9160524253
9103409281
8777233561
8616324989
8408369797
8383377491
8335929089
8174167769
8173793029
8118068971
8042120741
8034511447
7825328167
7776171023
7715680733
7610155667
7603528421
7579508681
7496030869
7463877061
7348063087
7341146539
7122706219
7114814533
7050511817
6974641109
6568060469
6539750753
6519264029
6496237603
6335821363
6331687151
6196894097
6153069661
6025199461
6018047579
5940894997
5803396847
5499139487
5482426757
5480380471
5460676657
5442463111
5434001327
5420399441
5313073783
5286856109
5116642087
5108617643
4825108513
4804550819
4797618487
4624999273
4569959369
4540996127
4525168537
4496467837
4485760621
4437936847
4433021953
4356205787
4310209753
4271136391
4194556423
4171636267
4143164507
4118792087
4097905873
4048236631
3975715607
3951842941
3924386117
3883166789
3880683493
3835397801
3786385247
3759005651
3701065259
3630085897
3497776067
3431317963
3428921339
3414753499
3343452649
3220243277
3203025937
3143766533
2956114873
2954428927
2946512389
2807474749
2781063491
2717885173
2693734231
2679412273
2659252691
2647382369
2642869241
2625141257
2604932717
2592977201
2592285191
2554308821
2474918309
2352876949
2339317037
2310439097
2280462391
2279470961
2270497081
2220688331
2209540393
2203585099
2193621461
2164230361
2138013497
2115320131
2105450771
2030314337
2000632741
1932925303
1835347691
1792372003
1790763067
1695227057
1627311667
1570812091
1544824637
1514339173
1444708961
1348175581
1165716953
1085377259
1082100011
1076583923
1064029003
1051148179
1047037177
1030614763
1022827291
1015793473
999298277
996329123
980638987
979199047
975439903
965447429
943688063
921277183
905479693
882758333
867146173
853737191
851940143
808320221
804422651
804378881
767766913
711713713
701891269
646509841
606125719
600074081
592788907
574718717
573432709
570333703
569666387
526079963
485803531
482664059
472477813
462988271
445626527
444328447
435087509
433523281
399470999
396241099
393448267
383923201
381065107
368603947
368597063
345435001
344835397
334715089
333634031
319933511
309770161
308087939
307126931
302755403
272037131
262192999
255321271
243282917
236456543
232739179
228464123
220570003
199689053
195888193
193903067
182582203
172940843
167134889
164631457
148222153
144642367
143172863
141922763
138377731
134849009
127330741
127240367
126726937
126547873
126050311
121776497
116592757
116058359
115746311
113166511
112516213
108477419
104052097
102975949
100029619
98354111
98283277
97626871
96328951
96048269
95537177
95144953
95118227
94549661
94116221
91876849
91685021
91212299
89986381
84962219
84075091
83626061
83228533
80836709
79383221
77810489
76671731
75592337
72502411
71806981
71433319
70291033
69552779
65805503
64311781
63183283
63004973
62451593
60365633
57857621
57768853
55943749
55368557
55306003
54839227
54617867
54294871
53930999
53646331
53044841
51643307
48565261
48141271
48005537
47767289
47271901
47218679
46640039
43259813
43207223
42915791
42534809
42112193
41889149
41758747
40960351
38896433
38654983
37272931
36374633
36118517
35358979
34669651
34315717
33573811
33180457
32711401
31701953
31283653
31222927
30310261
30156157
28839757
28507111
27562709
26809577
26545499
26343613
25335097
25258349
24740623
24645601
24285461
24130763
24097999
23844719
23237189
22291253
22109029
21858391
21634259
21478397
21335759
20748251
20134483
20131273
19808053
19445707
18576721
18574403
18390557
18382337
18081991
17079757
17012101
16937243
16385891
16012907
16011143
16005623
15711719
15612427
15374897
15316723
15119633
15103819
15005567
14791969
14639971
13383053
13319843
12559831
12458317
12427741
12163831
11990141
11812769
11799149
11735197
10951439
10882733
10862597
10480751
10433471
10419361
10219211
10217423
9488033
9383753
9045859
8774093
8678741
8584853
8528383
8315999
8268863
8170909
7962641
7839511
7735303
7700327
7409191
7302931
7248359
7223483
7018607
7018387
6921493
6760147
6680699
6616837
6399821
6376873
6347921
6075301
5968961
5793761
5726687
5629781
5539801
5436407
5395717
5354927
5334733
5326291
5200493
5110741
5110229
5054099
5004367
4852301
4755323
4584103
4581151
4558369
4230953
4044289
3927073
3890171
3857153
3761893
3754507
3720011
3640081
3559909
3539603
3532237
3500771
3494399
3409853
3387169
3362857
3357001
3355699
3317849
3287099
3238337
3124829
3110563
3055501
2990551
2929513
2920289
2920237
2876801
2768177
2750171
2730811
2590279
2587421
2584457
2577767
2546909
2545447
2511703
2446651
2404417
2369347
2347999
2287687
2175353
2157251
2141311
2126951
2081969
2080129
2066081
1990031
1912991
1881389
1872503
1850029
1845229
1825003
1760813
1725697
1711669
1638821
1631741
1615651
1596107
1557211
1506059
1455809
1449587
1408577
1403579
1402361
1393451
1393019
1369831
1356577
1352279
1320437
1303537
1292887
1288997
1284737
1280651
1263007
1248083
1246199
1240193
1218313
1214593
1199189
1197347
1189871
1187353
1184987
1105177
1092493
1091617
1085863
1082399
1076563
1047713
1047239
1045729
1035917
1022179
1017781
1016839
970423
967061
946667
933313
928819
914897
909119
903919
887659
884827
884497
883549
863801
860089
856421
832747
832631
805073
802183
783011
781853
780851
764971
751351
731761
730973
726157
707383
691891
690589
674767
673193
669887
667379
646027
640411
624643
613169
610739
609533
606811
592973
587413
583127
579583
574279
570109
567401
555307
549979
539509
528299
525893
517393
516319
515969
515539
514417
509797
497633
493049
492491
482507
478727
464413
446221
444461
441631
428539
422749
420853
420193
419933
418043
412051
409333
403957
393287
384737
380267
364303
361973
359263
357349
357241
357047
357031
345533
345181
343267
340103
337973
334199
332219
327559
327407
325307
322093
315047
302837
298559
295123
292343
290027
289837
285823
284341
283541
281579
281557
281207
280939
274361
272333
271619
269179
266051
263521
263257
259537
258581
256579
256469
254281
253469
252163
244399
240503
239731
236879
236461
235537
234571
231053
229759
228797
228331
227537
225601
224327
221453
220897
220369
211373
210209
208319
206191
203209
203017
202777
201589
199799
193577
189617
187409
187163
187067
186689
185027
184133
183191
182167
182011
181273
178093
175453
174431
172973
169489
169313
166823
166247
166021
164251
164239
163433
161977
161303
160141
159773
156703
156151
155777
155579
155453
150427
144383
143779
142391
141719
140659
140333
139709
138239
137873
137177
137117
136607
134609
133999
133669
133481
132721
131171
128173
127709
127447
127261
127051
126443
123407
123191
122069
121949
121507
121487
121447
120737
119429
119311
119267
118213
117959
117851
116293
115301
114553
112349
111781
110563
108193
108011
106531
106297
106103
105509
105491
104311
102911
102647
101111
99317
98869
97169
96517
96469
95989
95857
94117
93871
93629
93263
92627
90583
89983
88241
85427
85331
84731
84559
82793
82757
82261
81937
81677
81637
80173
79811
78893
77839
77711
77261
77137
76387
75883
75787
75367
75181
74197
71807
70769
70529
70459
70423
70157
69457
69163
69019
68737
68207
67619
65837
63559
61031
60779
60679
60271
59611
59513
59021
58907
58733
57097
56941
56711
56267
56113
56053
55763
55667
55619
55343
55217
54049
53777
52813
52727
52709
51973
51257
49831
49463
49409
49139
48761
48539
48313
47857
47713
47297
47221
47119
46723
46439
46099
45823
45707
45587
45247
44959
44843
44657
43973
43691
43481
43037
43013
42979
42697
42677
42649
42467
42169
41777
41669
41011
40927
40897
40823
40429
40283
40129
39719
39623
38903
38839
38749
38167
37747
37567
37199
36629
36341
35993
35911
35851
35809
35759
35731
35447
34747
34337
33967
33827
33739
33601
33203
33113
33073
32987
32797
